"observer","greenVertical_0_0","redHorizontal_0_0","greenVertical_3_0","redHorizontal_3_0","greenVertical_9_0","redHorizontal_9_0","greenVertical_15_0","redHorizontal_15_0","greenVertical_0_1","redHorizontal_0_1","greenVertical_3_1","redHorizontal_3_1","greenVertical_9_1","redHorizontal_9_1","greenVertical_15_1","redHorizontal_15_1"
"20",0.5565,0.586,0.598,0.633,0.704,0.668,0.746,0.7975,0.579,0.546,0.642,0.597,0.647,0.744,0.8325,0.683
"21",0.73644,0.68827,0.819735,0.732775,0.801745,0.859255,1.06579,0.98213,0.60757,0.571595,0.6547925,0.62742,0.67464,0.7025625,0.7067525,0.72609
"22",0.818,0.6595,0.92,0.736,0.9855,0.786,1.069,0.744,0.753,0.5435,0.885,0.661,0.937,0.752,0.985,0.802
"23",0.60263,0.644745,0.66556,0.69107,0.81799,0.77743,0.88564,0.77564,0.48155,0.54884,0.542385,0.566195,0.607755,0.696695,0.6917925,0.70578
"24",0.772915,0.803225,0.7712,0.87414,0.834405,0.94084,0.910875,1.04332,0.6097,0.710765,0.74301,0.813465,0.77403,0.8997875,0.8221575,1.022425
"26",0.7365,0.768,0.703,0.72,0.753,0.77,0.787,0.854,0.552,0.587,0.636,0.67,0.6455,0.686,0.686,0.77
"27",0.7173975,0.6376,0.7664275,0.70915,0.890765,0.619665,0.88818,0.73369,0.59377,0.56944,0.71931,0.6996475,0.8514725,0.62731,0.81061,0.82587
"28",0.709,0.684005,0.638315,0.677625,0.698355,0.75427,0.74617,0.849405,0.59965,0.59497,0.630465,0.6556675,0.635145,0.6118075,0.70622,0.7157325
"30",0.76582,1.006445,0.81337,1.156905,0.929865,1.64685,1.09713,1.6312675,0.743055,0.887395,0.821395,1.085595,0.91167,1.210445,1.007185,1.280015
"31",0.638025,0.61306,0.661135,0.72658,0.8645,0.82229,1.168265,0.909705,0.49078,0.49793,0.60531,0.6284325,0.695055,0.7350725,0.68765,0.6620975
"32",0.762845,0.7831925,0.9107025,0.766115,0.888195,0.928155,1.1164225,0.99852,0.62206,0.566355,0.7922875,0.688285,0.76823,0.728105,0.9011625,0.7434325
"33",0.7462,0.697845,0.724505,0.6731625,0.67311,0.766095,0.8013975,0.81707,0.57881,0.64772,0.637035,0.665455,0.67058,0.73035,0.6982275,0.727305
"34",0.6039675,0.6141175,0.5925125,0.6712475,0.65607,0.655655,0.7126775,0.799755,0.532915,0.5293225,0.63003,0.585595,0.70005,0.5996725,0.6746425,0.6410825
"35",0.668260001,0.7127025,0.668055,0.66664,0.84938,0.8574725,0.970905,0.8030375,0.60033,0.589075,0.69368,0.686125,0.81815,0.72389,0.819715001,0.814825
"36",0.671,0.717,0.732,0.7235,0.786,0.798,0.867,0.855,0.671,0.62,0.736,0.7435,0.737,0.789,0.861,0.841
"37",0.99087,0.73053,1.065005,0.77013,1.1527875,0.847255,1.2118325,0.8734975,0.72638,0.66943,0.876315,0.7360425,0.91514,0.761965,1.0073325,0.838175
"38",0.554685,0.73717,0.6288875,0.68423,0.670545,0.8173475,0.73465,0.845955,0.565755,0.6316075,0.57899,0.738235,0.620145,0.68285,0.6339625,0.783185
"39",0.6682025,0.572665,0.593445,0.574955,0.76604,0.598665,0.82034,0.651785,0.526095,0.5438925,0.578755,0.56611,0.62679,0.53446,0.7214475,0.638385
"40",0.59706,0.579435,0.59616,0.60125,0.61443,0.605115,0.7169,0.652255,0.53875,0.5585575,0.55837,0.54898,0.6232175,0.67674,0.6167925,0.732205
"41",0.9215,0.896,0.835,0.8155,1.061,0.989,1.1645,1.203,0.761,0.877,0.7755,0.76,0.897,0.995,0.955,0.939
"42",0.8595,1.016,0.837,0.72,1.026,0.869,1.185,1.3995,0.673,0.6615,0.809,0.85,0.96,0.981,0.904,0.89
"43",0.75615,0.92444,0.80097,0.974075,0.80793,1.20909,0.884555,1.5700375,0.618595,0.780365,0.67451,0.890725,0.7358825,1.14784,0.7997375,1.2640375
"44",0.60904,0.678115,0.65473,0.658685,0.645295,0.7471575,0.8912875,0.82971,0.53002,0.61488,0.5907,0.669995,0.64655,0.6978725,0.7679575,0.746755
"49",0.824285,0.8085775,0.772585,0.710805,0.72462,0.811415,0.87654,0.839365,0.68876,0.746315,0.672425,0.70234,0.707245,0.89781,0.7632825,0.84304
"50",1.081,1.0015,1.007,1.01,1.011,1.055,1.125,1.23,0.595,0.629,0.727,0.743,0.692,0.717,0.767,0.8
"51",0.645,0.619,0.738,0.654,0.844,0.8105,0.897,0.8195,0.591,0.564,0.638,0.625,0.739,0.6765,0.8615,0.7765
"52",0.734775,0.720345,0.7103,0.68402,0.7119975,0.667575,0.8038625,0.712125,0.63484,0.554085,0.584625,0.6339525,0.67593,0.60843,0.73186,0.699865
"53",1.0555449995,0.9582775,0.9146274995,0.912725,0.967225,1.001025001,1.14874,0.9879,0.988779999,0.900774999,1.083392499,1.012085,1.2415275005,1.08955,1.2006775005,1.145025001
"54",0.61076,0.72574,0.59364,0.713165,0.65122,0.8136,0.698805,1.017635,0.579725,0.64256,0.63497,0.66251,0.6040475,0.75367,0.65451,0.848085
"55",0.6396,0.66817,0.6220375,0.639155,0.735455,0.695275,0.765085,0.769015,0.624245,0.6110625,0.698825,0.64405,0.719625,0.64467,0.744365,0.7320075
"57",0.781675,0.830485,0.794105,0.849835,1.15543,0.7318925,1.46515,1.163445,0.63347,0.75188,0.68936,0.67836,0.81065,0.77965,1.107275,0.99917
"58",0.604245,0.600945,0.61613,0.599215,0.681705,0.63224,0.70679,0.70137,0.58274,0.579375,0.5701625,0.67805,0.657755,0.64766,0.66129,0.676025
"59",1.056,1.023,1.082,1.05,1.207,1.1385,1.4135,1.3405,0.909,0.7425,1.0435,0.951,1.134,0.933,1.2095,1.083
"60",0.879,0.865,0.877,0.911,1.034,1.15,1.3985,1.061,0.582,0.741,0.704,0.8395,0.8695,0.946,0.893,0.903
"61",0.7055,0.895,0.7515,0.829,0.693,1.0105,0.993,1.1175,0.519,0.5435,0.533,0.678,0.595,0.8795,0.7525,0.8435
"62",0.699,0.797,0.707,0.7135,0.867,0.813,0.966,0.824,0.585,0.647,0.676,0.6945,0.738,0.818,0.87,0.918
"63",0.822,0.827,0.757,0.843,0.782,0.958,0.862,1.243,0.658,0.576,0.675,0.707,0.675,0.769,0.71,0.774
"64",0.61,0.642,0.601,0.6,0.686,0.673,0.86,1.0265,0.512,0.587,0.543,0.732,0.715,0.68,0.6665,0.908
"65",0.618,0.5895,0.588,0.63,0.633,0.661,0.725,0.674,0.589,0.523,0.644,0.5345,0.6845,0.646,0.659,0.693
"68",0.743,0.694,0.625,0.66,0.759,0.693,0.812,0.699,0.525,0.5755,0.615,0.6645,0.6975,0.7025,0.7185,0.722
"69",0.693,0.783,0.659,0.7445,0.919,1.021,0.963,1.3275,0.533,0.584,0.563,0.728,0.644,0.92,0.595,0.863
"70",0.845655,0.8318575,0.79262,0.74793,0.801695,0.840985,0.895075,0.81503,0.627085,0.604485,0.690235,0.75641,0.75773,0.798095,0.70658,0.821335
"71",0.669365,0.59267,0.692829999,0.590415,0.8067,0.639215,0.763294999,0.82843,0.60685,0.580915,0.648175,0.687335,0.7074375,0.672440001,0.749845,0.7334175
"72",0.599115,0.6684325,0.6101375,0.582205,0.61735,0.7296725,0.744765,0.7159275,0.56777,0.581205,0.6116125,0.64117,0.63548,0.681525,0.72243,0.7329075
"73",0.56,0.6465,0.573,0.676,0.696,0.7515,0.853,0.884,0.524,0.543,0.578,0.6535,0.69,0.704,0.7455,0.7535
"74",0.6905875,0.943395,0.7687275,0.713075,0.83538,0.83998,0.868665,0.955405,0.82334,0.897345,0.959375,0.88931,0.970565,0.93542,1.071935,0.9286075
"75",0.87536,0.84121,0.8983825,0.821055,1.3010075,1.03339,1.685,1.317155,0.86402,0.736355,0.855765,0.827585,1.002445,0.8904625,1.0692,0.94204
"76",0.809,1.121,0.868,0.934,0.8865,1.212,1.0815,1.351,0.811,1.023,0.904,0.939,0.838,1.058,0.9495,1.258
"77",0.8975,0.87778,0.920035,0.86855,1.0266475,0.96758,1.028955,0.9237425,0.713245,0.68586,0.903555,0.8691975,0.87949,0.90834,0.9345975,0.96162
"78",0.748255,0.86564,0.726365,0.96809,0.758865,0.983905,0.899,1.1586625,0.69366,0.82452,0.86906,0.96682,0.89313,0.983,0.89181,1.14052
"80",0.8644,0.90895,0.8367,0.896,0.9682,0.9876,1.1131,0.9508,0.8425,0.8025,0.9087,0.8229,0.9756,0.90825,1.0135,1.0477
"81",0.84788,0.96244,0.88432,1.196985,1.2708,1.157995,1.5950325,1.57525,0.56625,0.62416,0.70104,0.74684,0.9821175,0.930535,1.149055,1.107525
"82",0.684,0.574,0.762,0.677,0.912,0.6215,1.106,0.7685,0.584,0.553,0.7095,0.593,0.711,0.6865,0.886,0.703
"83",0.968455,1.13293,0.905265,1.076945,1.002815,1.375665,1.291695,1.665485,0.803465,0.8386,0.83938,0.9696125,0.913585,1.09826,1.03153,1.066405
"97",1.5725,1.429,1.205,1.241,1.419,1.3585,1.584,1.437,1.239,1.0675,1.316,1.211,1.269,1.406,1.378,1.288
"98",0.729,0.713,0.723,0.6475,0.772,0.722,0.874,0.753,0.6545,0.604,0.671,0.6475,0.696,0.737,0.711,0.7075
"99",0.646465,0.658525,0.7159275,0.63817,0.800425,0.70945,0.8289875,0.879045,0.54267,0.62718,0.6808575,0.707995,0.7076825,0.7101025,0.806595,0.704355
